A =[1 -1 0;-3 2 -2;4 -4 3];
b = [1;-7;7];

x=A\b