u = [1 2 3]