n = [1:10]