D=[A;4 4 4];