F=[0:3:9;2:2:8;5:5:20];