AA = [1 3 5;0 4 1;2 2 1]
BB = ones(3)
a = [1 2 1]
b = [0 3 5]